-------------------------------[memory]-------------------------------

                             Pss         Shared         Shared        Private        Private           Swap        SwapPss           Heap           Heap           Heap
                           Total          Clean          Dirty          Clean          Dirty          Total          Total           Size          Alloc           Free
                          ( kB )         ( kB )         ( kB )         ( kB )         ( kB )         ( kB )         ( kB )         ( kB )         ( kB )         ( kB )
                 ------------------------------------------------------------------------------------------------------------------------------------------------------
               GL         591772              0              0              0         591772              0              0              0              0              0
            Graph         110704              0              0              0         110704              0              0              0              0              0
      ark ts heap           7674           2924              0           7460              0           4748            578              0              0              0
arkts-static heap              0              0              0              0              0            340              8              0              0              0
            guard              0              0              0              0              0              0              0              0              0              0
      native heap          49784           9784              0          48760              0          26412            848          81756          78223           7059
             .hap            884              8              0            880              0              0              0              0              0              0
   AnonPage other          13538            824              0          13404              0           5288            111              0              0              0
            stack           1512              0              0           1512              0              0              0              0              0              0
              .db             64              0              0             64              0              0              0              0              0              0
              .so          42937         119916           8848          14140           3264          25972            543              0              0              0
              dev             30              0            420             20              4              0              0              0              0              0
             .ttf            316           1440              0              0              0              0              0              0              0              0
   arkweb-pa heap          18864              8              0          18860              0             24              0              0              0              0
   FilePage other          26036          19924          37800            880            420           2984             89              0              0              0
-----------------------------------------------------------------------------------------------------------------------------------------------------------------------
            Total         866292         154828          47068         105980         706164          65768           2177          81756          78223           7059

native heap:
  jemalloc meta:          1234            248              0           1200              0            408             14              0              0              0
  jemalloc heap:         46920           4808              0          46232              0          25728            833              0              0              0
       brk heap:          1598           4728              0           1296              0            276              1              0              0              0
      musl heap:            32              0              0             32              0              0              0              0              0              0

Purgeable:
        PurgSum:0 kB
        PurgPin:0 kB

DMA:
            Dma:110704 kB

Ashmem:
Total Ashmem:35724 kB
