-------------------------------[memory]-------------------------------

                             Pss         Shared         Shared        Private        Private           Swap        SwapPss           Heap           Heap           Heap
                           Total          Clean          Dirty          Clean          Dirty          Total          Total           Size          Alloc           Free
                          ( kB )         ( kB )         ( kB )         ( kB )         ( kB )         ( kB )         ( kB )         ( kB )         ( kB )         ( kB )
                 ------------------------------------------------------------------------------------------------------------------------------------------------------
               GL         704032              0              0              0         704032              0              0              0              0              0
            Graph          82656              0              0              0          82656              0              0              0              0              0
      ark ts heap          89876           6828              0          89528              0             44              0              0              0              0
arkts-static heap              0              0              0              0              0            340             10              0              0              0
            guard              0              0              0              0              0              0              0              0              0              0
      native heap         521251           9816              0         520232              0          26000            825         475840         470039          36423
             .hap            544              8              0            540              0              0              0              0              0              0
   AnonPage other           7557            744              0           7440              0           5464            120              0              0              0
            stack            980              0              0            980              0              0              0              0              0              0
              .db             32              0              0             32              0              0              0              0              0              0
              .so          20896         100660           5308           4304           2304          30116            713              0              0              0
              dev             16              0            384             12              0              0              0              0              0              0
             .ttf           1673           6836              0            160              0              0              0              0              0              0
   arkweb-pa heap              0              0              0              0              0            120              4              0              0              0
   FilePage other          10453          24228           1984           1732             64           3016             93              0              0              0
-----------------------------------------------------------------------------------------------------------------------------------------------------------------------
            Total        1441731         149120           7676         624960         789056          65100           1765         475840         470039          36423

native heap:
  jemalloc meta:          3282            212              0           3252              0            264              8              0              0              0
  jemalloc heap:        516513           4884              0         515828              0          25444            816              0              0              0
       brk heap:          1424           4720              0           1120              0            292              1              0              0              0
      musl heap:            32              0              0             32              0              0              0              0              0              0

Purgeable:
        PurgSum:0 kB
        PurgPin:0 kB

DMA:
            Dma:82656 kB

Ashmem:
Total Ashmem:40 kB
