-------------------------------[memory]-------------------------------

                             Pss         Shared         Shared        Private        Private           Swap        SwapPss           Heap           Heap           Heap
                           Total          Clean          Dirty          Clean          Dirty          Total          Total           Size          Alloc           Free
                          ( kB )         ( kB )         ( kB )         ( kB )         ( kB )         ( kB )         ( kB )         ( kB )         ( kB )         ( kB )
                 ------------------------------------------------------------------------------------------------------------------------------------------------------
               GL         981436              0              0              0         981436              0              0              0              0              0
            Graph          82656              0              0              0          82656              0              0              0              0              0
      ark ts heap          87696           6828              0          87348              0             44              0              0              0              0
arkts-static heap              0              0              0              0              0            340             10              0              0              0
            guard              0              0              0              0              0              0              0              0              0              0
      native heap        1024512           9780              0        1023504              0          25928            821         710024         705617           4873
             .hap            620              8              0            616              0              0              0              0              0              0
   AnonPage other           7445            640              0           7380              0           5760            129              0              0              0
            stack            948              0              0            948              0              0              0              0              0              0
              .db             32              0              0             32              0              0              0              0              0              0
              .so          20804         102212           5336           4296           2308          30104            713              0              0              0
              dev             24              0            384             20              0              0              0              0              0              0
             .ttf           1793           6964              0            208              0              0              0              0              0              0
   arkweb-pa heap              0              0              0              0              0            120              4              0              0              0
   FilePage other            837           3688           1448            152             52           3560            111              0              0              0
-----------------------------------------------------------------------------------------------------------------------------------------------------------------------
            Total        2210591         130120           7168        1124504        1066452          65856           1788         710024         705617           4873

native heap:
  jemalloc meta:          6561            204              0           6532              0            188              4              0              0              0
  jemalloc heap:       1016499           4856              0        1015824              0          25448            816              0              0              0
       brk heap:          1420           4720              0           1116              0            292              1              0              0              0
      musl heap:            32              0              0             32              0              0              0              0              0              0

Purgeable:
        PurgSum:0 kB
        PurgPin:0 kB

DMA:
            Dma:82656 kB

Ashmem:
Total Ashmem:40 kB
