-------------------------------[memory]-------------------------------

                             Pss         Shared         Shared        Private        Private           Swap        SwapPss           Heap           Heap           Heap
                           Total          Clean          Dirty          Clean          Dirty          Total          Total           Size          Alloc           Free
                          ( kB )         ( kB )         ( kB )         ( kB )         ( kB )         ( kB )         ( kB )         ( kB )         ( kB )         ( kB )
                 ------------------------------------------------------------------------------------------------------------------------------------------------------
               GL         730612              0              0              0         730612              0              0              0              0              0
            Graph         124480              0              0              0         124480              0              0              0              0              0
      ark ts heap           7637           2920              0           7416              0           4756            579              0              0              0
arkts-static heap              0              0              0              0              0            340             10              0              0              0
            guard              0              0              0              0              0              0              0              0              0              0
      native heap          52547           9796              0          51468              0          26388            874          84204          80802           8085
             .hap            868              8              0            864              0              0              0              0              0              0
   AnonPage other          13589            828              0          13448              0           5284            116              0              0              0
            stack           2380              0           1728           1516              0              0              0              0              0              0
              .db             64              0              0             64              0              0              0              0              0              0
              .so          41530         118396           8820          13080           3124          26144            581              0              0              0
              dev             19              0            412             12              0              0              0              0              0              0
             .ttf            316           1440              0              0              0              0              0              0              0              0
   arkweb-pa heap          17924              8              0          17920              0             24              0              0              0              0
   FilePage other          23650          17824          36732            236            344           2928             90              0              0              0
-----------------------------------------------------------------------------------------------------------------------------------------------------------------------
            Total        1017866         151220          47692         106024         858560          65864           2250          84204          80802           8085

native heap:
  jemalloc meta:          1216            256              0           1176              0            400             14              0              0              0
  jemalloc heap:         49674           4812              0          48940              0          25712            859              0              0              0
       brk heap:          1625           4728              0           1320              0            276              1              0              0              0
      musl heap:            32              0              0             32              0              0              0              0              0              0

Purgeable:
        PurgSum:0 kB
        PurgPin:0 kB

DMA:
            Dma:124480 kB

Ashmem:
Total Ashmem:36076 kB
