-------------------------------[memory]-------------------------------

                             Pss         Shared         Shared        Private        Private           Swap        SwapPss           Heap           Heap           Heap
                           Total          Clean          Dirty          Clean          Dirty          Total          Total           Size          Alloc           Free
                          ( kB )         ( kB )         ( kB )         ( kB )         ( kB )         ( kB )         ( kB )         ( kB )         ( kB )         ( kB )
                 ------------------------------------------------------------------------------------------------------------------------------------------------------
               GL         693580              0              0              0         693580              0              0              0              0              0
            Graph          82656              0              0              0          82656              0              0              0              0              0
      ark ts heap          60208           6804              0          59872              0             44              0              0              0              0
arkts-static heap              0              0              0              0              0            340             10              0              0              0
            guard              0              0              0              0              0              0              0              0              0              0
      native heap         474690           9772              0         473684              0          26084            828         451460         445644          10762
             .hap            544              8              0            540              0              0              0              0              0              0
   AnonPage other           7365            640              0           7300              0           5760            129              0              0              0
            stack            964              0              0            964              0              0              0              0              0              0
              .db             32              0              0             32              0              0              0              0              0              0
              .so          20577         102152           5340           4160           2304          30104            713              0              0              0
              dev             23              0            384             20              0              0              0              0              0              0
             .ttf           1803           7192              0            156              0              0              0              0              0              0
   arkweb-pa heap              0              0              0              0              0            120              4              0              0              0
   FilePage other            832           3680           1448            152             52           3560            111              0              0              0
-----------------------------------------------------------------------------------------------------------------------------------------------------------------------
            Total        1345069         130248           7172         546880         778592          66012           1795         451460         445644          10762

native heap:
  jemalloc meta:          4023            204              0           3996              0            328             11              0              0              0
  jemalloc heap:        469215           4848              0         468540              0          25464            816              0              0              0
       brk heap:          1420           4720              0           1116              0            292              1              0              0              0
      musl heap:            32              0              0             32              0              0              0              0              0              0

Purgeable:
        PurgSum:0 kB
        PurgPin:0 kB

DMA:
            Dma:82656 kB

Ashmem:
Total Ashmem:40 kB
