-------------------------------[memory]-------------------------------

                             Pss         Shared         Shared        Private        Private           Swap        SwapPss           Heap           Heap           Heap
                           Total          Clean          Dirty          Clean          Dirty          Total          Total           Size          Alloc           Free
                          ( kB )         ( kB )         ( kB )         ( kB )         ( kB )         ( kB )         ( kB )         ( kB )         ( kB )         ( kB )
                 ------------------------------------------------------------------------------------------------------------------------------------------------------
               GL         235832              0              0              0         235832              0              0              0              0              0
            Graph         124356              0              0              0         124356              0              0              0              0              0
      ark ts heap          63527           6840              0          63192              0             44              0              0              0              0
arkts-static heap              0              0              0              0              0            340              8              0              0              0
            guard              0              0              0              0              0              0              0              0              0              0
      native heap         231471           9760              0         230504              0          25952            797         127452         122201           9760
             .hap            580              8              0            576              0              0              0              0              0              0
   AnonPage other          15802            748              0          15688              0           5456            114              0              0              0
            stack           1564              0              0           1564              0              0              0              0              0              0
              .db             32              0              0             32              0              0              0              0              0              0
              .so          22195          95460           5376           6424           2644          30084            675              0              0              0
              dev             30              0            492             20              0              0              0              0              0              0
             .ttf            995           4080              0             96              0              0              0              0              0              0
   arkweb-pa heap              0              0              0              0              0            120              4              0              0              0
   FilePage other           8120          20936           2240            960             80           2896             86              0              0              0
-----------------------------------------------------------------------------------------------------------------------------------------------------------------------
            Total         706188         137832           8108         319056         362912          64892           1684         127452         122201           9760

native heap:
  jemalloc meta:          1934            216              0           1908              0            224              6              0              0              0
  jemalloc heap:        228028           4824              0         227388              0          25436            790              0              0              0
       brk heap:          1477           4720              0           1176              0            292              1              0              0              0
      musl heap:            32              0              0             32              0              0              0              0              0              0

Purgeable:
        PurgSum:0 kB
        PurgPin:0 kB

DMA:
            Dma:124356 kB

Ashmem:
Total Ashmem:56 kB
