-------------------------------[memory]-------------------------------

                             Pss         Shared         Shared        Private        Private           Swap        SwapPss           Heap           Heap           Heap
                           Total          Clean          Dirty          Clean          Dirty          Total          Total           Size          Alloc           Free
                          ( kB )         ( kB )         ( kB )         ( kB )         ( kB )         ( kB )         ( kB )         ( kB )         ( kB )         ( kB )
                 ------------------------------------------------------------------------------------------------------------------------------------------------------
               GL         879372              0              0              0         879372              0              0              0              0              0
            Graph          82656              0              0              0          82656              0              0              0              0              0
      ark ts heap          93921           6804              0          93592              0             44              0              0              0              0
arkts-static heap              0              0              0              0              0            340              8              0              0              0
            guard              0              0              0              0              0              0              0              0              0              0
      native heap         673634           9796              0         672656              0          25908            795         547032         539994          18181
             .hap            544              8              0            540              0              0              0              0              0              0
   AnonPage other           7682            744              0           7568              0           5464            115              0              0              0
            stack           1136              0              0           1136              0              0              0              0              0              0
              .db             32              0              0             32              0              0              0              0              0              0
              .so          20488         100388           5332           4152           2300          30116            675              0              0              0
              dev             23              0            384             20              0              0              0              0              0              0
             .ttf           1697           6952              0            160              0              0              0              0              0              0
   arkweb-pa heap              0              0              0              0              0            120              4              0              0              0
   FilePage other           5521          16796           2008            112             64           2988             89              0              0              0
-----------------------------------------------------------------------------------------------------------------------------------------------------------------------
            Total        1768392         141488           7724         779968         964392          64980           1686         547032         539994          18181

native heap:
  jemalloc meta:          4398            188              0           4376              0            180              4              0              0              0
  jemalloc heap:        667783           4888              0         667128              0          25436            790              0              0              0
       brk heap:          1421           4720              0           1120              0            292              1              0              0              0
      musl heap:            32              0              0             32              0              0              0              0              0              0

Purgeable:
        PurgSum:0 kB
        PurgPin:0 kB

DMA:
            Dma:82656 kB

Ashmem:
Total Ashmem:40 kB
